{
  "advancedEditorSelectedIdentifier" : "ShaderGraphEditorPluginID",
  "openSceneRelativePaths" : [
    "Scene.usda",
    "Chapter6.usda"
  ],
  "recentIdentifiers" : {
    "A55DCF93-C689-4202-8460-77FCFCD52D2B" : [

    ]
  },
  "sceneCameraHistory" : {
    "A55DCF93-C689-4202-8460-77FCFCD52D2B" : [
      {
        "date" : 744691101.970715,
        "title" : "Untitled",
        "transform" : [
          0.88728815,
          3.5850212e-09,
          -0.4612156,
          0,
          -0.33233708,
          0.69338447,
          -0.63935125,
          0,
          0.31979972,
          0.7205678,
          0.61523175,
          0,
          0.7233715,
          1.9248297,
          1.1568772,
          1
        ]
      },
      {
        "date" : 744691084.775492,
        "title" : "Untitled",
        "transform" : [
          0.88728815,
          3.5850212e-09,
          -0.4612156,
          0,
          -0.33233708,
          0.69338447,
          -0.63935125,
          0,
          0.31979972,
          0.7205678,
          0.61523175,
          0,
          0.57639164,
          1.5337288,
          0.9218145,
          1
        ]
      },
      {
        "date" : 744691068.259531,
        "title" : "Untitled",
        "transform" : [
          0.88728815,
          3.5850212e-09,
          -0.4612156,
          0,
          -0.33233708,
          0.69338447,
          -0.63935125,
          0,
          0.31979972,
          0.7205678,
          0.61523175,
          0,
          0.7696704,
          2.0480273,
          1.2309225,
          1
        ]
      },
      {
        "date" : 744690975.285721,
        "title" : "Untitled",
        "transform" : [
          0.88728815,
          3.5850212e-09,
          -0.4612156,
          0,
          -0.33233708,
          0.69338447,
          -0.63935125,
          0,
          0.31979972,
          0.7205678,
          0.61523175,
          0,
          1.3448731,
          3.578592,
          2.1508355,
          1
        ]
      },
      {
        "date" : 744690968.853878,
        "title" : "Untitled",
        "transform" : [
          0.88757235,
          1.9323099e-09,
          -0.4606684,
          0,
          -0.36832076,
          0.6006187,
          -0.7096456,
          0,
          0.27668607,
          0.79953563,
          0.53309256,
          0,
          0.81061846,
          2.6508827,
          1.1236804,
          1
        ]
      },
      {
        "date" : 744690780.181037,
        "title" : "Untitled",
        "transform" : [
          0.88757235,
          1.9323099e-09,
          -0.4606684,
          0,
          -0.36832076,
          0.6006187,
          -0.7096456,
          0,
          0.27668607,
          0.79953563,
          0.53309256,
          0,
          0.55841696,
          2.1372561,
          1.0852009,
          1
        ]
      },
      {
        "date" : 744690169.044751,
        "title" : "Untitled",
        "transform" : [
          0.88757235,
          1.9323099e-09,
          -0.4606684,
          0,
          -0.36832076,
          0.6006187,
          -0.7096456,
          0,
          0.27668607,
          0.79953563,
          0.53309256,
          0,
          1.0806333,
          3.2007866,
          2.100051,
          1
        ]
      },
      {
        "date" : 744690165.229673,
        "title" : "Untitled",
        "transform" : [
          0.8257974,
          1.8067219e-09,
          -0.563967,
          0,
          -0.39492047,
          0.71389323,
          -0.57826835,
          0,
          0.4026122,
          0.7002546,
          0.5895311,
          0,
          2.374325,
          3.2779574,
          3.4766407,
          1
        ]
      },
      {
        "date" : 744690128.649053,
        "title" : "Untitled",
        "transform" : [
          0.9137224,
          5.6811e-10,
          -0.40633908,
          0,
          -0.25022376,
          0.7879022,
          -0.5626706,
          0,
          0.3201554,
          0.6158004,
          0.71992385,
          0,
          1.2972151,
          1.723463,
          2.9170089,
          1
        ]
      },
      {
        "date" : 744689688.353658,
        "title" : "Untitled",
        "transform" : [
          0.9137224,
          5.6811e-10,
          -0.40633908,
          0,
          -0.25022376,
          0.7879022,
          -0.5626706,
          0,
          0.3201554,
          0.6158004,
          0.71992385,
          0,
          0.1993471,
          0.38343254,
          0.4482658,
          1
        ]
      }
    ],
    "AF09ED6F-1707-48FD-8720-65B998362C09" : [
      {
        "date" : 744689356.317648,
        "title" : "Untitled",
        "transform" : [
          1,
          0,
          -0,
          0,
          -0,
          0.87144446,
          -0.49049428,
          0,
          0,
          0.49049428,
          0.87144446,
          0,
          0,
          4.1392355,
          5.052043,
          1
        ]
      }
    ],
    "D66134B1-3681-4A8E-AFE5-29F257229F3B" : [
      {
        "date" : 744689356.313335,
        "title" : "Untitled",
        "transform" : [
          0.99999994,
          0,
          -0,
          0,
          -0,
          0.8660254,
          -0.49999988,
          0,
          0,
          0.49999988,
          0.8660254,
          0,
          0,
          0.2333846,
          0.40443406,
          1
        ]
      }
    ]
  },
  "selectedSceneRelativePath" : "Chapter6.usda"
}